17 0.134375 0.12265625 0.05625 0.02421875
17 0.4984375 0.11328125 0.05625 0.025
17 0.2578125 0.11875 0.05234375 0.025
17 0.071875 0.12265625 0.059375 0.02578125
17 0.4390625 0.11640625 0.05546875 0.0296875
17 0.19609375 0.12109375 0.05859375 0.03125
17 0.37890625 0.11875 0.0578125 0.025
17 0.01953125 0.12421875 0.0390625 0.0265625
17 0.3171875 0.11875 0.059375 0.0234375
17 0.5578125 0.11015625 0.04921875 0.0203125
17 0.615625 0.10859375 0.04921875 0.0203125
17 0.6765625 0.10703125 0.0515625 0.0203125
17 0.734375 0.1046875 0.05 0.021875
17 0.7875 0.10546875 0.04375 0.0203125
17 0.834375 0.10625 0.03984375 0.021875
17 0.87578125 0.1046875 0.03828125 0.021875
6 0.77265625 0.475 0.1703125 0.08671875
6 0.95078125 0.43046875 0.0984375 0.07734375
43 0.25703125 0.61171875 0.04921875 0.0203125
50 0.76484375 0.58671875 0.053125 0.03359375
50 0.77421875 0.546875 0.05234375 0.03203125
49 0.8609375 0.53046875 0.03046875 0.0234375
25 0.08828125 0.93125 0.07578125 0.05078125